2, 80
3, 80
10, 87
13, 85
18, 85
27, 87
28, 81
37, 87
38, 89
45, 90
52, 80
60, 80
63, 90
66, 85
70, 83
71, 83
72, 85
73, 85
74, 81
75, 81
96, 88
105, 80
106, 81
108, 89
109, 85
110, 80
112, 84
114, 82
119, 88
122, 86
143, 82
144, 86
148, 87
160, 89
162, 90
168, 81
177, 84
187, 88
190, 88
191, 82
194, 86
197, 88
198, 83
210, 87
216, 86
222, 81
226, 82
233, 90
234, 90
236, 81
237, 83
245, 80
256, 87
265, 88
270, 86
271, 80
279, 90
280, 86
281, 89
284, 82
295, 89
298, 86
302, 89
305, 86
311, 83
315, 83
323, 80
326, 80
331, 88
346, 89
356, 84
357, 90
361, 90
368, 84
373, 85
377, 83
380, 85
390, 80
403, 80
414, 80
415, 86
418, 90
431, 89
432, 80
435, 89
436, 86
437, 81
445, 89
460, 89
470, 82
473, 86
476, 80
477, 82
481, 90
486, 86
489, 89
490, 82
496, 87
498, 87
500, 81
505, 88
507, 88
509, 84
512, 85
517, 80
526, 83
538, 80
540, 82
551, 84
553, 83
554, 80
555, 86
558, 84
559, 83
560, 82
563, 82
569, 88
572, 83
584, 81
589, 81
598, 83
600, 90
601, 83
604, 85
605, 87
607, 89
615, 81
619, 86
626, 88
628, 80
634, 90
640, 83
649, 87
654, 87
666, 86
667, 88
673, 84
675, 87
678, 89
679, 84
680, 86
684, 88
687, 82
698, 87
700, 85
703, 87
705, 88
706, 89
711, 85
714, 86
715, 83
719, 84
736, 89
742, 85
743, 86
752, 82
769, 85
774, 90
783, 85
786, 81
788, 87
797, 87
800, 85
809, 80
812, 86
814, 88
818, 80
845, 86
849, 84
851, 82
862, 86
864, 80
865, 81
867, 84
872, 84
883, 86
887, 82
888, 85
892, 89
893, 88
907, 82
929, 84
934, 87
938, 80
940, 88
945, 82
947, 88
948, 83
954, 85
962, 85
965, 86
966, 88
971, 83
973, 81
987, 89
993, 85
994, 90
995, 83
996, 89
998, 81
1005, 87
1009, 82
1012, 82
1017, 88
1024, 87
1025, 85
1026, 88
1035, 83
1040, 85
1049, 85
1058, 89
1060, 88
1066, 87
1069, 90
1070, 90
1078, 89
1088, 81
1090, 82
1095, 88
1123, 82
1125, 81
1126, 90
1130, 80
1131, 87
1139, 89
1146, 80
1147, 90
1149, 88
1156, 89
1162, 81
1164, 90
1173, 81
1175, 90
1181, 85
1189, 90
1195, 84
1212, 82
1221, 81
1222, 90
1223, 82
1225, 86
1249, 87
1252, 89
1253, 88
1255, 88
1257, 81
1262, 82
1264, 88
1265, 85
1270, 87
1273, 81
1283, 80
1285, 86
1288, 83
1290, 86
1294, 81
1296, 84
1298, 82
1302, 85
1304, 81
1307, 89
1314, 90
1317, 89
1319, 90
1334, 86
1335, 81
1337, 90
1350, 81
1355, 88
1363, 90
1377, 83
1379, 90
1391, 89
1400, 82
1404, 84
1410, 86
1415, 85
1418, 80
1420, 85
1426, 86
1435, 88
1437, 82
1441, 80
1448, 89
1454, 80
1469, 80
1470, 82
1473, 89
1483, 82
1484, 81
1491, 89
1494, 84
1495, 80
1500, 88
1502, 88
1505, 80
1508, 86
1516, 82
1517, 90
1521, 88
1523, 80
1532, 84
1537, 87
1541, 89
1543, 88
1550, 80
1553, 86
1554, 86
1557, 83
1561, 84
1567, 85
1578, 80
1581, 81
1585, 84
1586, 88
1590, 89
1597, 88
1603, 90
1608, 82
1609, 86
1612, 83
1619, 81
1640, 90
1644, 86
1654, 83
1655, 88
1660, 80
1665, 82
1676, 80
1684, 81
1694, 88
1700, 90
1706, 85
1709, 86
1710, 82
1711, 83
1717, 81
1719, 89
1725, 84
1727, 80
1728, 88
1732, 89
1733, 90
1734, 80
1745, 87
1747, 84
1777, 87
1781, 84
1795, 88
1797, 88
1800, 82
1813, 83
1819, 80
1821, 85
1829, 85
1834, 85
1836, 83
1839, 81
1844, 83
1846, 80
1851, 82
1852, 82
1854, 86
1859, 86
1860, 85
1865, 82
1867, 87
1868, 89
1871, 87
1872, 82
1883, 90
1885, 81
1901, 90
1905, 84
1910, 80
1911, 86
1913, 88
1918, 82
1921, 84
1922, 80
1925, 84
1929, 81
1932, 88
1940, 83
1942, 80
1944, 89
1947, 80
1948, 86
1952, 82
1959, 81
1974, 84
1981, 80
1982, 82
1989, 85
2002, 82
2013, 87
2024, 89
2026, 84
2032, 81
2034, 85
2036, 89
2043, 90
2046, 84
2051, 84
2057, 84
2062, 80
2065, 87
2068, 80
2072, 86
2075, 86
2076, 89
2078, 82
2081, 85
2088, 80
2091, 81
2093, 84
2095, 86
2099, 83
2107, 89
2109, 83
2111, 85
2113, 86
2118, 80
2120, 90
2122, 83
2123, 84
2125, 84
2134, 82
2135, 83
2140, 89
2145, 86
2151, 84
2161, 83
2164, 83
2167, 88
2169, 81
2172, 86
2186, 90
2192, 85
2195, 89
2198, 83
2205, 83
2207, 85
2219, 89
2225, 81
2228, 83
2231, 82
2232, 84
2234, 80
2251, 84
2256, 90
2281, 87
2282, 80
2284, 82
2285, 82
2296, 81
2298, 82
2301, 88
2302, 88
2311, 87
2321, 89
2325, 80
2338, 82
2355, 81
2356, 85
2373, 88
2374, 87
2376, 81
2388, 82
2390, 86
2392, 86
2397, 88
2399, 82
2401, 89
2411, 88
2412, 86
2413, 87
2419, 81
2422, 90
2435, 87
2436, 85
2444, 83
2454, 80
2467, 81
2470, 82
2476, 87
2480, 86
2484, 84
2485, 84
2486, 82
2489, 81
2495, 80
2500, 89
2501, 84
2503, 86
2504, 90
2506, 88
2514, 80
2516, 80
2518, 86
2520, 84
2521, 86
2528, 83
2529, 85
2530, 87
2536, 84
2537, 80
2539, 84
2543, 87
2549, 81
2553, 87
2554, 82
2558, 84
2561, 82
2567, 85
2568, 85
2572, 82
2577, 81
2581, 85
2591, 86
2596, 85
2605, 84
2606, 81
2621, 87
2630, 88
2634, 88
2654, 85
2657, 84
2663, 90
2666, 90
2671, 89
2674, 88
2677, 89
2679, 87
2681, 83
2682, 84
2687, 86
2689, 89
2691, 87
2694, 84
2704, 89
2708, 90
2714, 88
2723, 85
2728, 80
2744, 81
2751, 90
2753, 83
2759, 85
2761, 90
2766, 81
2767, 83
2769, 80
2770, 84
2771, 80
2778, 82
2789, 81
2797, 87
2802, 86
2805, 81
2807, 82
2828, 80
2832, 90
2842, 90
2844, 86
2845, 85
2850, 81
2856, 88
2859, 87
2863, 83
2865, 82
2868, 82
2870, 81
2874, 82
2879, 80
2883, 88
2885, 86
2886, 81
2894, 87
2895, 84
2899, 81
2900, 82
2907, 88
2910, 84
2928, 85
2929, 90
2941, 81
2942, 82
2945, 82
2949, 82
2954, 89
2957, 81
2958, 86
2960, 85
2962, 80
2968, 80
2970, 89
2972, 90
2974, 88
2975, 80
2976, 87
2977, 85
2979, 85
2980, 85
2982, 80
2984, 80
2997, 82
3004, 82
3012, 87
3015, 80
3017, 85
3020, 90
3021, 86
3022, 80
3026, 85
3030, 87
3034, 85
3035, 90
3036, 84
3046, 87
3075, 84
3086, 87
3087, 88
3094, 86
3099, 88
3104, 81
3106, 90
3109, 86
3113, 85
3116, 87
3117, 81
3119, 90
3127, 84
3132, 84
3134, 84
3135, 82
3137, 81
3144, 80
3148, 87
3149, 82
3152, 84
3163, 88
3165, 80
3166, 85
3169, 89
3171, 82
3175, 81
3181, 84
3187, 82
3203, 87
3208, 80
3209, 90
3210, 84
3213, 89
3223, 84
3226, 87
3229, 89
3232, 85
3235, 82
3236, 89
3240, 88
3241, 90
3242, 83
3254, 82
3258, 82
3259, 83
3260, 89
3269, 84
3273, 81
3282, 83
3288, 85
3290, 83
3293, 89
3305, 80
3312, 82
3313, 90
3319, 82
3326, 83
3328, 89
3333, 80
3336, 90
3340, 89
3344, 89
3349, 81
3359, 83
3360, 85
3370, 85
3384, 81
3385, 86
3386, 88
3391, 83
3392, 82
3394, 80
3400, 83
3405, 83
3410, 87
3414, 82
3421, 89
3429, 84
3430, 82
3441, 83
3445, 88
3456, 86
3458, 90
3468, 84
3474, 88
3479, 81
3495, 81
3497, 82
3499, 80
3501, 87
3506, 90
3510, 85
3512, 82
3516, 85
3519, 81
3520, 89
3522, 86
3524, 81
3525, 80
3527, 81
3530, 82
3535, 83
3537, 81
3541, 87
3547, 90
3552, 82
3555, 89
3577, 82
3579, 80
3581, 90
3582, 86
3586, 84
3590, 82
3594, 88
3595, 81
3602, 89
3607, 87
3613, 88
3616, 82
3622, 86
3625, 85
3627, 87
3633, 90
3634, 86
3639, 80
3640, 84
3649, 89
3651, 87
3653, 80
3660, 89
3665, 89
3668, 90
3669, 88
3676, 84
3677, 86
3679, 90
3683, 86
3696, 81
3700, 83
3701, 80
3703, 82
3715, 86
3719, 86
3721, 82
3729, 82
3730, 88
3731, 81
3732, 89
3735, 89
3739, 83
3745, 80
3749, 80
3763, 89
3766, 88
3767, 86
3769, 85
3770, 86
3783, 84
3787, 80
3791, 81
3795, 83
3804, 83
3805, 88
3808, 89
3817, 80
3819, 86
3828, 87
3842, 90
3846, 87
3850, 88
3851, 86
3862, 83
3869, 88
3877, 80
3878, 87
3884, 81
3885, 88
3896, 85
3900, 86
3906, 90
3909, 89
3916, 88
3919, 82
3923, 87
3924, 85
3925, 87
3929, 81
3940, 82
3943, 90
3945, 88
3950, 90
3955, 82
3959, 84
3961, 82
3976, 82
3982, 80
3983, 86
3986, 86
3988, 80
3995, 81
3996, 82
3997, 90
3998, 81
4004, 82
4010, 81
4012, 90
4015, 84
4016, 85
4029, 88
4041, 86
4046, 90
4054, 83
4055, 87
4056, 84
4057, 81
4058, 89
4069, 83
4073, 87
4077, 80
4084, 89
4095, 84
4102, 87
4105, 90
4107, 84
4111, 84
4115, 88
4118, 87
4121, 88
4130, 86
4135, 81
4136, 83
4144, 81
4148, 83
4149, 80
4150, 82
4159, 88
4167, 81
4169, 86
4170, 83
4172, 80
4173, 84
4183, 83
4189, 90
4197, 89
4203, 83
4210, 87
4214, 90
4216, 80
4221, 87
4223, 84
4228, 89
4231, 80
4241, 89
4247, 81
4260, 87
4264, 89
4268, 86
4281, 85
4287, 88
4290, 89
4291, 87
4293, 82
4303, 89
4307, 85
4313, 83
4316, 81
4321, 84
4327, 87
4332, 84
4334, 86
4350, 86
4354, 89
4358, 87
4361, 81
4369, 80
4370, 85
4374, 85
4375, 84
4387, 80
4388, 86
4389, 86
4397, 82
4400, 87
4402, 87
4404, 88
4407, 84
4409, 90
4420, 88
4427, 87
4429, 90
4430, 81
4437, 88
4439, 90
4452, 88
4454, 87
4455, 82
4459, 80
4466, 84
4470, 89
4491, 86
4503, 85
4509, 80
4513, 81
4520, 84
4522, 88
4525, 81
4526, 82
4535, 85
4538, 83
4542, 83
4544, 88
4548, 87
4561, 90
4562, 90
4563, 87
4570, 81
4571, 86
4576, 81
4580, 84
4583, 86
4584, 84
4586, 81
4587, 88
4590, 81
4592, 89
4593, 86
4597, 84
4599, 87
4601, 85
4609, 88
4610, 84
4616, 80
4621, 84
4636, 89
4640, 83
4644, 85
4646, 81
4656, 90
4658, 90
4661, 82
4666, 87
4669, 89
4673, 86
4683, 84
4684, 88
4687, 86
4691, 86
4695, 88
4697, 83
4699, 87
4705, 89
4709, 82
4719, 87
4722, 90
4723, 88
4736, 88
4738, 85
4739, 84
4742, 86
4746, 87
4749, 90
4753, 82
4754, 85
4776, 81
4777, 87
4781, 82
4784, 87
4788, 87
4799, 84
4819, 80
4835, 90
4848, 83
4849, 88
4850, 85
4853, 88
4854, 83
4861, 88
4863, 86
4868, 80
